eval,pop_size,avg_fitness,fitness_variance,mutation_amount,recombination_amount
20,100,-0.8,0.1616161616161617,10,10
40,100,-0.6299999681519393,0.23545458598854213,10,10
60,100,-0.46999996815196454,0.25161619185581163,10,10
80,100,-0.3099970703878005,0.21606244160685434,10,10
100,100,-0.16999707018524848,0.1425262595638753,10,10
120,100,-0.06999701751308861,0.06575799836294874,10,10
140,100,-0.009792594116666081,0.010008367224628962,10,10
160,100,5.180116907821318E-4,1.3687956558005949E-5,10,10
180,100,9.555132676570851E-4,3.235909030690494E-5,10,10
200,100,9.597296260816186E-4,3.235269688324027E-5,10,10
220,100,0.001217231576650722,3.58982655829196E-5,10,10
240,100,0.001305468162090455,3.5927020573605865E-5,10,10
260,100,0.0013977351641549108,3.625840984553502E-5,10,10
280,100,0.0020153175753431533,4.5842638122556734E-5,10,10
300,100,0.0029668689635450464,6.382593053135281E-5,10,10
320,100,0.00422425346615776,7.507200667279238E-5,10,10
340,100,0.0047698178078324155,7.023690468554732E-5,10,10
360,100,0.006624895015302165,8.333636275586823E-5,10,10
380,100,0.00715971380799343,8.976259167789693E-5,10,10
400,100,0.009791065185166542,1.1131084710953889E-4,10,10
420,100,0.012749889940874061,1.2698059520874466E-4,10,10
440,100,0.016922451539019806,1.6680383189775035E-4,10,10
460,100,0.020442801751111822,1.7422477260727745E-4,10,10
480,100,0.024690880413808867,1.559558006689912E-4,10,10
500,100,0.02842734565099289,1.5728036152179764E-4,10,10
520,100,0.03251773378073049,1.5855805737584997E-4,10,10
540,100,0.035948832126462424,1.8028033027195345E-4,10,10
560,100,0.03977550736482694,2.1184935577050684E-4,10,10
580,100,0.04562096676077298,2.4235077335603224E-4,10,10
600,100,0.04960833804970838,2.5824539449543815E-4,10,10
620,100,0.053651951532725194,3.06230172924085E-4,10,10
640,100,0.05809136958910043,2.786587416503728E-4,10,10
660,100,0.06175254867619705,2.8449261837438844E-4,10,10
680,100,0.06443451545228043,2.492979020525316E-4,10,10
700,100,0.06869038116411912,2.2311726253746296E-4,10,10
720,100,0.07176772111935983,1.820254829460169E-4,10,10
740,100,0.07438714501937588,2.1851488934331603E-4,10,10
760,100,0.07974012943102825,3.056478367872034E-4,10,10
780,100,0.08242942557336373,4.580103695760245E-4,10,10
800,100,0.08786480919130192,3.9807349201902706E-4,10,10
820,100,0.09276220678142943,3.896855564144394E-4,10,10
840,100,0.09722278588211805,3.7864418839538705E-4,10,10
860,100,0.10204177103544927,5.626567841865619E-4,10,10
880,100,0.10672855750034954,6.151888963173904E-4,10,10
900,100,0.11279824974692616,5.88545223971967E-4,10,10
920,100,0.11839989280106573,9.443071854440251E-4,10,10
940,100,0.11780627545182652,8.790503936896646E-4,10,10
960,100,0.12278939863619076,0.0010513050817020841,10,10
980,100,0.1253984026108468,0.0010767655103358427,10,10
1000,100,0.12911318756583495,0.0013654351312711748,10,10
1020,100,0.13609217377914326,0.0010813654509812516,10,10
1040,100,0.14552872375563589,0.001284308996160753,10,10
1060,100,0.15470300219632263,0.0014194524464252564,10,10
1080,100,0.1593445932534799,0.0014734110113923632,10,10
1100,100,0.1682493195559416,0.0014306945332278082,10,10
1120,100,0.18574140374556616,0.003949415078954151,10,10
1140,100,0.19528642022601544,0.004352789689385801,10,10
1160,100,0.2053963913957597,0.004850965445908463,10,10
1180,100,0.21773544162635897,0.005160729820179175,10,10
1200,100,0.23150914957221527,0.00513081970448077,10,10
1220,100,0.24357074412007707,0.0059709679063527366,10,10
1240,100,0.2519397518526034,0.0057349966155387485,10,10
1260,100,0.26667076743971535,0.005280117768496959,10,10
1280,100,0.27754996935358317,0.00649644608801071,10,10
1300,100,0.294062383784296,0.006420576851731723,10,10
1320,100,0.3031155275219921,0.007206810438933129,10,10
1340,100,0.3116287611530521,0.006621497635341957,10,10
1360,100,0.32611455613531837,0.007864930172688455,10,10
1380,100,0.3367117724485691,0.008871090978828145,10,10
1400,100,0.34892150850882603,0.009142030300197343,10,10
1420,100,0.37558488673178025,0.009378989830575587,10,10
1440,100,0.3895553975521088,0.00973325160613164,10,10
1460,100,0.40512657983876244,0.010323641877827921,10,10
1480,100,0.4316758384653741,0.008691542951382613,10,10
1500,100,0.4570022672465959,0.009535814002405036,10,10
1520,100,0.4874897619368529,0.008682484059493577,10,10
1540,100,0.5132135095870403,0.011979588529452148,10,10
1560,100,0.5324837998955272,0.015077416005246832,10,10
1580,100,0.5631227186670406,0.013719370610211203,10,10
1600,100,0.6005932311278123,0.01179709026426042,10,10
1620,100,0.6144186452386711,0.012449146731804632,10,10
1640,100,0.654263295733296,0.018631985435189187,10,10
1660,100,0.6874600411864868,0.023997981015452027,10,10
1680,100,0.704660041158017,0.026475564002201166,10,10
1700,100,0.7543721185839604,0.04138365916949378,10,10
1720,100,0.8092302865848588,0.048770372311587804,10,10
1740,100,0.9069418132422423,0.06281087258357536,10,10
1760,100,0.9856642323114378,0.06075704317163622,10,10
1780,100,1.04725023121399,0.061073723260400004,10,10
1800,100,1.13939036025102,0.08640750852850561,10,10
1820,100,1.194156787092347,0.08279284656962638,10,10
1840,100,1.2797140183455789,0.0663010704961032,10,10
1860,100,1.3399096025459256,0.0665075464660348,10,10
1880,100,1.3855697127887658,0.07903584074427912,10,10
1900,100,1.4570502261639464,0.08473873525947535,10,10
1920,100,1.5483352941503405,0.08905098164708024,10,10
1940,100,1.6198902892620324,0.08958947271957446,10,10
1960,100,1.7288873906300453,0.11271363470795887,10,10
1980,100,1.7933746260341983,0.1157130094609621,10,10
2000,100,1.8350008807530969,0.09936964432158343,10,10
2020,100,1.9193088400558682,0.10536646701866077,10,10
2040,100,2.0228583790907133,0.07460998010216323,10,10
2060,100,2.07036444327093,0.07826543576662791,10,10
2080,100,2.134772814426489,0.07482060662985378,10,10
2100,100,2.212636295423315,0.06745824683303983,10,10
2120,100,2.2497051126256253,0.08510653121731827,10,10
2140,100,2.3718188077090296,0.11476278827729902,10,10
2160,100,2.4565220517540483,0.11486923659282895,10,10
2180,100,2.557200331551231,0.14107883925702808,10,10
2200,100,2.5823320154004334,0.17704405525164507,10,10
2220,100,2.6644958780973487,0.1791107422689267,10,10
2240,100,2.788736148251129,0.14304333553946577,10,10
2260,100,2.9005214663308014,0.19666908132965413,10,10
2280,100,3.027637262363673,0.18734818936345807,10,10
2300,100,3.092266131429063,0.20433542047563014,10,10
2320,100,3.194167283502915,0.2309144130291397,10,10
2340,100,3.292049459791966,0.21195474910742826,10,10
2360,100,3.363711766265659,0.1877716695549499,10,10
2380,100,3.4671433497857436,0.17706066955885044,10,10
2400,100,3.5579118874158255,0.1865205622520792,10,10
2420,100,3.717393813599314,0.17866641932496555,10,10
2440,100,3.826662456609396,0.24153473517365176,10,10
2460,100,3.8979443156965696,0.29509489776849973,10,10
2480,100,3.953302520191406,0.25623015796685256,10,10
2500,100,4.011854571249798,0.24417428493150214,10,10
2520,100,4.048267323690376,0.25493786463117346,10,10
2540,100,4.089795875423096,0.2760828996228008,10,10
2560,100,4.179195064082077,0.22535678668762246,10,10
2580,100,4.268715922718379,0.2139397048236255,10,10
2600,100,4.36765593851232,0.23236471955167506,10,10
2620,100,4.47223941469922,0.3237740356951197,10,10
2640,100,4.476123439573687,0.67186376045794,10,10
2660,100,4.681855795936789,0.24461429555167744,10,10
2680,100,4.643560048112469,0.5596355530814763,10,10
2700,100,4.7829670104177335,0.5879650205870363,10,10
2720,100,4.924061709794894,0.3866016080878301,10,10
2740,100,5.052481601591813,0.2892258680450129,10,10
2760,100,5.0941014425705,0.4148369864044674,10,10
2780,100,5.216928873436778,0.26814550515728036,10,10
2800,100,5.31769807444158,0.2056999682974566,10,10
2820,100,5.426695541347885,0.2703346026626773,10,10
2840,100,5.4724489046228655,0.26977336256283374,10,10
2860,100,5.558414912803851,0.4429089031863904,10,10
2880,100,5.706646414654916,0.23043698247673722,10,10
2900,100,5.763378286139282,0.17629490289401825,10,10
2920,100,5.846809273543934,0.22923009948317022,10,10
2940,100,5.890443420110501,0.253773694738195,10,10
2960,100,5.978422935355325,0.2722411024737528,10,10
2980,100,6.045125471834264,0.2643434689718696,10,10
3000,100,6.1311608592059565,0.2772893766136259,10,10
3020,100,6.27253104119187,0.1581219203446684,10,10
3040,100,6.354224361629722,0.1959943808555511,10,10
3060,100,6.456108449069355,0.28353058889868293,10,10
3080,100,6.597707082458722,0.2183119191758413,10,10
3100,100,6.626384803168951,0.273982435987314,10,10
3120,100,6.674568029456412,0.4026262365595541,10,10
3140,100,6.814697288795842,0.34678743374839005,10,10
3160,100,6.993725961698608,0.18444347287673393,10,10
3180,100,7.071096224087288,0.3105882004141323,10,10
3200,100,7.242779609790535,0.17052749802759518,10,10
3220,100,7.355880986686316,0.13655455444381648,10,10
3240,100,7.429675272337222,0.178009880228571,10,10
3260,100,7.50623599896967,0.16062696719045047,10,10
3280,100,7.617379202368291,0.12385859709503434,10,10
3300,100,7.706149513717042,0.13066997584061618,10,10
3320,100,7.801113242997438,0.17658780073922106,10,10
3340,100,7.897759432093839,0.15126285594009306,10,10
3360,100,7.944923481803313,0.2009891061799424,10,10
3380,100,7.97746091195517,0.23484280651661468,10,10
3400,100,8.011567197891004,0.32614552510182665,10,10
3420,100,8.118440208656875,0.23006087534255876,10,10
3440,100,8.166767248281117,0.2915407068626259,10,10
3460,100,8.280110266178001,0.2564224137814026,10,10
3480,100,8.309769356034478,0.1766577978258757,10,10
3500,100,8.375687066521756,0.18123821315253416,10,10
3520,100,8.436807010815766,0.16947059017568658,10,10
3540,100,8.472202588754024,0.1931563606871423,10,10
3560,100,8.485532049797067,0.2785274998251165,10,10
3580,100,8.530867889957204,0.31125803710249,10,10
3600,100,8.604397537741225,0.16226482367685785,10,10
3620,100,8.589745659609827,0.29270877938642015,10,10
3640,100,8.600830225276761,0.31373107523593163,10,10
3660,100,8.649552368289719,0.2837818728342238,10,10
3680,100,8.703169884677257,0.22712996507935182,10,10
3700,100,8.754574785537557,0.13534719492124447,10,10
3720,100,8.746520951811528,0.28509424966833674,10,10
3740,100,8.842034175865393,0.12039686146668399,10,10
3760,100,8.90903541735382,0.14396810006256983,10,10
3780,100,8.970559285678956,0.11303092019174543,10,10
3800,100,9.014807747793354,0.13402288045421615,10,10
3820,100,9.0593590966818,0.14292296749273023,10,10
3840,100,9.05798592100495,0.37230798032233603,10,10
3860,100,9.079538396841109,0.5605872701148984,10,10
3880,100,9.207376966201169,0.29841385994933006,10,10
3900,100,9.157534349911556,0.5519177626022135,10,10
3920,100,9.323300291072949,0.1181946993433633,10,10
3940,100,9.35373575292396,0.1312659414345262,10,10
3960,100,9.355222985880356,0.13577040830337864,10,10
3980,100,9.362138185937848,0.21651483134318833,10,10
4000,100,9.364399338964766,0.21036475079868341,10,10
4020,100,9.424771444463856,0.10663995835504324,10,10
4040,100,9.473944001797086,0.06542635609715922,10,10
4060,100,9.448189542294037,0.14754406072871445,10,10
4080,100,9.487523164634663,0.11700157910914588,10,10
4100,100,9.414283012057245,0.32165095192473014,10,10
4120,100,9.436550270686395,0.2446479893014512,10,10
4140,100,9.490081459919589,0.14165977168050556,10,10
4160,100,9.48744447820057,0.23843716892903155,10,10
4180,100,9.480499329384008,0.24425285400913166,10,10
4200,100,9.484929397426864,0.17337963586950106,10,10
4220,100,9.518732916510062,0.1198499667272333,10,10
4240,100,9.55126414303346,0.14379912915164628,10,10
4260,100,9.549901890557999,0.1500536860533848,10,10
4280,100,9.55744467376929,0.12084320035922394,10,10
4300,100,9.558501344918447,0.17751820223574724,10,10
4320,100,9.620957242599435,0.06131345907109712,10,10
4340,100,9.542765516603644,0.5318843593013343,10,10
4360,100,9.62184508352837,0.09856497153604787,10,10
4380,100,9.56564744886922,0.46490132875021417,10,10
4400,100,9.614038441453637,0.12427517342599163,10,10
4420,100,9.606745154044008,0.13461263610233115,10,10
4440,100,9.529916039650486,0.46683730366657067,10,10
4460,100,9.594848431909254,0.1231987155054024,10,10
4480,100,9.558730819132421,0.20114022466195255,10,10
4500,100,9.527687232361426,0.23785237138339962,10,10
4520,100,9.507633323626173,0.5228552131188366,10,10
4540,100,9.570145196591175,0.2866895599915737,10,10
4560,100,9.55302302819253,0.16401969491895044,10,10
4580,100,9.576565435048542,0.17093926945478544,10,10
4600,100,9.586883807598085,0.153259039200783,10,10
4620,100,9.629407795101045,0.14741388727512028,10,10
4640,100,9.644788996513462,0.10208111675531373,10,10
4660,100,9.613743719031197,0.2146522847145504,10,10
4680,100,9.59755888856256,0.19246306726505683,10,10
4700,100,9.609793324081295,0.2645667876009507,10,10
4720,100,9.647271273044755,0.1948963113918572,10,10
4740,100,9.67258491639714,0.12096407080250601,10,10
4760,100,9.677802573247673,0.12013686555083712,10,10
4780,100,9.642183974436533,0.18391983686954913,10,10
4800,100,9.591474775148198,0.3238246311768252,10,10
4820,100,9.594063821554025,0.25849131468668685,10,10
4840,100,9.661204962765934,0.15065658808391214,10,10
4860,100,9.69843871151388,0.09136202789762045,10,10
4880,100,9.701918191540162,0.06578993742219351,10,10
4900,100,9.657972079932634,0.17650399913472312,10,10
4920,100,9.611380573103716,0.23903265253587538,10,10
4940,100,9.630556376330299,0.24616359170264418,10,10
4960,100,9.662056279727016,0.16157058088614099,10,10
4980,100,9.593093650917963,0.4255571124465104,10,10
5000,100,9.63661813866082,0.1918516509610343,10,10
5020,100,9.61958393065825,0.16527873181359706,10,10
5040,100,9.577531525180712,0.20810363970659748,10,10
5060,100,9.567510672485751,0.3011607400277306,10,10
5080,100,9.51342643777835,0.37941955085171614,10,10
5100,100,9.599015494947263,0.22220589245043365,10,10
5120,100,9.644170763380266,0.1624824759917713,10,10
5140,100,9.626684938048877,0.1875646598061895,10,10
5160,100,9.558328832246037,0.4330150129057283,10,10
5180,100,9.568262756167309,0.21397468617136978,10,10
5200,100,9.513776749026718,0.325136917076691,10,10
5220,100,9.556091433238494,0.1857864028789589,10,10
5240,100,9.502923855060567,0.27608249950435804,10,10
5260,100,9.424558300617347,0.3783326281589562,10,10
5280,100,9.482894864417414,0.2777505027002139,10,10
5300,100,9.547867493987917,0.14650264837315782,10,10
5320,100,9.578810276260569,0.21203987900371865,10,10
5340,100,9.538942705821368,0.2693045923821942,10,10
5360,100,9.53967902797815,0.2106649323574312,10,10
5380,100,9.55170306413311,0.36957004955756934,10,10
5400,100,9.578481895709004,0.2623022661267374,10,10
5420,100,9.59708125659969,0.15806770436648185,10,10
5440,100,9.481871645248422,0.4196641995390821,10,10
5460,100,9.490687671222007,0.4118392271394778,10,10
5480,100,9.468833736098912,0.49153043894695647,10,10
5500,100,9.375684729079609,0.6575246842700057,10,10
5520,100,9.471701421923246,0.42014295148918934,10,10
5540,100,9.498000964392876,0.36771620464208177,10,10
5560,100,9.585295528711349,0.21561833338473735,10,10
5580,100,9.569702204943255,0.3661757961014001,10,10
5600,100,9.60517803923293,0.1787664079814614,10,10
5620,100,9.607569566408241,0.25722945595445845,10,10
5640,100,9.545131411339772,0.40811644038112466,10,10
5660,100,9.588950332040016,0.25025805753096503,10,10
5680,100,9.58997027137881,0.25091356296263106,10,10
5700,100,9.601972232454287,0.2026858420664195,10,10
5720,100,9.61015587870712,0.19583768799225687,10,10
5740,100,9.588270775626691,0.30134198561882464,10,10
5760,100,9.587950926413477,0.3462049533815012,10,10
5780,100,9.572450723864883,0.3795247666592012,10,10
5800,100,9.53233352471915,0.25981586290232705,10,10
5820,100,9.501796990415903,0.2922173728993257,10,10
5840,100,9.55147722908681,0.17871704494110643,10,10
5860,100,9.500388380234051,0.30566168770934166,10,10
5880,100,9.504175387605795,0.29264793632321673,10,10
5900,100,9.470413031614564,0.5080803684617559,10,10
5920,100,9.495428460278163,0.537720301787719,10,10
5940,100,9.46577600690805,0.47119205949001297,10,10
5960,100,9.503070818513837,0.31198599440777186,10,10
5980,100,9.51420828857001,0.3509502007360463,10,10
6000,100,9.52000906610265,0.28479648261727547,10,10
6020,100,9.498432183436968,0.31863098943093976,10,10
6040,100,9.50639292178387,0.28821113429420164,10,10
6060,100,9.486070332714126,0.2577978789060247,10,10
6080,100,9.42856943870056,0.5611149904721265,10,10
6100,100,9.406210498252822,0.47584105235928387,10,10
6120,100,9.37379633024611,0.4000883506291315,10,10
6140,100,9.470412226346916,0.18929587112193405,10,10
6160,100,9.384306654177937,0.4924121690186933,10,10
6180,100,9.432568585797041,0.29486827978414676,10,10
6200,100,9.36080150925362,0.4948129621593015,10,10
6220,100,9.367849369371626,0.4721462450979376,10,10
6240,100,9.291071007708412,0.565274491786444,10,10
6260,100,9.41493771205708,0.2505510814939253,10,10
6280,100,9.465514850722053,0.23626513378658132,10,10
6300,100,9.37834559611985,0.6190384495717117,10,10
6320,100,9.37063132525369,0.5219527117416104,10,10
6340,100,9.365835559785019,0.5659295564155965,10,10
6360,100,9.383850395713766,0.5870186064359126,10,10
6380,100,9.45178448292717,0.3027152652438928,10,10
6400,100,9.477739841115898,0.2791003198166986,10,10
6420,100,9.442976039529222,0.4433459023013717,10,10
6440,100,9.463920702872379,0.3976707320542653,10,10
6460,100,9.469563443452488,0.4393987371520094,10,10
6480,100,9.535822909029406,0.22663294728366745,10,10
6500,100,9.548688939494255,0.2515722446460693,10,10
6520,100,9.516923688426225,0.3150187986434553,10,10
6540,100,9.568072065875155,0.13307764949459033,10,10
6560,100,9.52885577463552,0.28965905566950073,10,10
6580,100,9.52218804771103,0.32372491985436075,10,10
6600,100,9.505690008361368,0.5621664968003083,10,10
6620,100,9.515634203988487,0.6077985143464053,10,10
6640,100,9.513940578704933,0.904049023841359,10,10
6660,100,9.587976218855445,0.4370962336568038,10,10
6680,100,9.664198387614498,0.35200991766052503,10,10
6700,100,9.714344468055156,0.14347217604211224,10,10
6720,100,9.68373840229226,0.14885248746762852,10,10
6740,100,9.61716465067543,0.46373519018969056,10,10
6760,100,9.564275527790267,0.6682048239567504,10,10
6780,100,9.642078467415946,0.5352483692011363,10,10
6800,100,9.744655754901851,0.07736652786147898,10,10
6820,100,9.680557979223952,0.25124187778698365,10,10
6840,100,9.575279997080841,0.8524117478199424,10,10
6860,100,9.577372671961621,0.8262421077618264,10,10
6880,100,9.677902860266903,0.18878918691481072,10,10
6900,100,9.627171322207863,0.2543558657258894,10,10
6920,100,9.517688981859273,0.5823738373534806,10,10
6940,100,9.584671350992323,0.3226737171615335,10,10
6960,100,9.566562287452653,0.31537463870551397,10,10
6980,100,9.613107454794758,0.2344120433945805,10,10
7000,100,9.566231367217329,0.4503890390719495,10,10
7020,100,9.521022625114972,0.8835809698474077,10,10
7040,100,9.509942469365656,0.6507822473547793,10,10
7060,100,9.502091967400583,0.5372209091602119,10,10
7080,100,9.603101781951173,0.24404488058802795,10,10
7100,100,9.473526729713408,0.9248604546301872,10,10
7120,100,9.594072586664112,0.5586431365234907,10,10
7140,100,9.570049539064573,0.3106980815294464,10,10
7160,100,9.565081565834246,0.2691002346511478,10,10
7180,100,9.553886771249473,0.2634534639160996,10,10
7200,100,9.572803370894196,0.3018154222984626,10,10
7220,100,9.580107519891012,0.26187975335338964,10,10
7240,100,9.55617314820429,0.44346256396970346,10,10
7260,100,9.626532139419549,0.1365325276729691,10,10
7280,100,9.593195935450824,0.2203888412329768,10,10
7300,100,9.555357410124868,0.43707502769454887,10,10
7320,100,9.49202781363602,0.5761132657091455,10,10
7340,100,9.55644528784231,0.2755338591244452,10,10
7360,100,9.534920180986147,0.26813614026632265,10,10
7380,100,9.487919439648593,0.38317919591409677,10,10
7400,100,9.461387231280156,0.3796539099613089,10,10
7420,100,9.46151659080418,0.6666149797584766,10,10
7440,100,9.5578842495215,0.16248855358466094,10,10
7460,100,9.506798199065623,0.2790542367817719,10,10
7480,100,9.561131893578851,0.16292413846211543,10,10
7500,100,9.574938642534125,0.18094117476734622,10,10
7520,100,9.57677520038368,0.21862111120577754,10,10
7540,100,9.523078864783606,0.3838316897226045,10,10
7560,100,9.564867579334337,0.1988118550799444,10,10
7580,100,9.492071584063636,0.3831282855712016,10,10
7600,100,9.511444433999992,0.6010919270767239,10,10
7620,100,9.6048005242253,0.16020985419420142,10,10
7640,100,9.61935390765326,0.15775265814524952,10,10
7660,100,9.605242122681059,0.2202663111786289,10,10
7680,100,9.476632244941403,0.969037218667066,10,10
7700,100,9.54638754190719,0.5332768567049597,10,10
7720,100,9.555507651054343,0.601337735246423,10,10
7740,100,9.61129024346124,0.36363922189254894,10,10
7760,100,9.558263165505249,0.7372771206746682,10,10
7780,100,9.555198813624589,0.5619977288083522,10,10
7800,100,9.63957098013785,0.1322425312997022,10,10
7820,100,9.626409352017255,0.23900374200833147,10,10
7840,100,9.62898925326904,0.234014415208543,10,10
7860,100,9.659948249758726,0.22303537892221856,10,10
7880,100,9.60996010544991,0.2021573979131939,10,10
7900,100,9.593311507560195,0.2506552414035366,10,10
7920,100,9.64494684596176,0.14504661340443586,10,10
7940,100,9.611917016254438,0.18141292559838218,10,10
7960,100,9.59016712743446,0.32680698791423496,10,10
7980,100,9.635046772290163,0.18730466256953085,10,10
8000,100,9.623989648516172,0.3154019256018338,10,10
8020,100,9.646959490124932,0.16671393320109287,10,10
8040,100,9.606453495022171,0.16718918557607423,10,10
8060,100,9.543856870551242,0.47538337295752764,10,10
8080,100,9.615511993325086,0.16705160782618172,10,10
8100,100,9.562375472512825,0.43923296888896984,10,10
8120,100,9.62106440421723,0.15684485064391357,10,10
8140,100,9.585314971928813,0.2040485234621278,10,10
8160,100,9.630781185613104,0.21378163973104347,10,10
8180,100,9.63199143125121,0.16923138177855118,10,10
8200,100,9.555073163175855,0.45872484611630693,10,10
8220,100,9.581081670160179,0.21744948366512373,10,10
8240,100,9.50482572960542,0.8273073597959627,10,10
8260,100,9.552021439910618,0.3454371190754634,10,10
8280,100,9.541011263994797,0.36609500095069214,10,10
8300,100,9.467421759537345,0.557532641928098,10,10
8320,100,9.501990932181625,0.5231234302106974,10,10
8340,100,9.477484211430193,0.5065196268186779,10,10
8360,100,9.516684513456813,0.4431967840997119,10,10
8380,100,9.575324018442425,0.2545531904740485,10,10
8400,100,9.548476933957796,0.5040211018105147,10,10
8420,100,9.60869485994064,0.17009562161576028,10,10
8440,100,9.575900646825325,0.29535332117181645,10,10
8460,100,9.57362755013321,0.25902754648699344,10,10
8480,100,9.56929981964349,0.2524361490008272,10,10
8500,100,9.57297554802016,0.282320299219928,10,10
8520,100,9.565046286914871,0.26336731030266,10,10
8540,100,9.551650703023387,0.24995208199861305,10,10
8560,100,9.496917865235968,0.6893511828132525,10,10
8580,100,9.599584084975758,0.15612017566588396,10,10
8600,100,9.53222153069077,0.28259991447885513,10,10
8620,100,9.545998053299272,0.27863644622980044,10,10
8640,100,9.56365163067633,0.3038141211854103,10,10
8660,100,9.533078362944572,0.3495365505500419,10,10
8680,100,9.506270720819181,0.5210478967718111,10,10
8700,100,9.469620081294398,0.5712877531973488,10,10
8720,100,9.476662578260271,0.847941950353928,10,10
8740,100,9.558729717693048,0.20824820452058915,10,10
8760,100,9.532287841686284,0.4253482889609152,10,10
8780,100,9.531422695460494,0.5344778032322914,10,10
8800,100,9.606669144028318,0.18496237529512027,10,10
8820,100,9.6352034948018,0.11328783315789383,10,10
8840,100,9.577840311431448,0.2522337623374507,10,10
8860,100,9.58910205954365,0.2782281039890592,10,10
8880,100,9.637659222937346,0.11864950720950904,10,10
8900,100,9.498458783004766,0.6138726109648296,10,10
8920,100,9.552941193031875,0.3018048987424113,10,10
8940,100,9.551270550595625,0.3261198721948405,10,10
8960,100,9.58369521647574,0.17106293869713007,10,10
8980,100,9.555694925938088,0.23377376720749787,10,10
9000,100,9.52170137516071,0.39605716152482107,10,10
9020,100,9.534172342501403,0.4038550627167054,10,10
9040,100,9.537835651639558,0.43890078496745427,10,10
9060,100,9.497502814584848,0.5751738745580541,10,10
9080,100,9.533733241914426,0.3827269515790458,10,10
9100,100,9.528632597428386,0.2694285339816238,10,10
9120,100,9.489526148264618,0.5538673638094682,10,10
9140,100,9.566437913922382,0.17394989441610698,10,10
9160,100,9.501648082044772,0.3497666932809726,10,10
9180,100,9.474874151956712,0.3609953859192099,10,10
9200,100,9.470673516640307,0.3322877331577496,10,10
9220,100,9.3993623847308,0.7401120675641245,10,10
9240,100,9.482626593907623,0.370251321277382,10,10
9260,100,9.497906539578162,0.2682259432883246,10,10
9280,100,9.48652025609823,0.43163678672441164,10,10
9300,100,9.62831001500314,0.10352950972137295,10,10
9320,100,9.563858542035156,0.36018812631246955,10,10
9340,100,9.574023869877132,0.3031461851561134,10,10
9360,100,9.601698211885127,0.16803887146918325,10,10
9380,100,9.581228279002588,0.18314696681018353,10,10
9400,100,9.554722702562412,0.452656972545251,10,10
9420,100,9.63720162744745,0.13969417802653114,10,10
9440,100,9.610102806861423,0.27036525190376126,10,10
9460,100,9.602546273518135,0.31221687032882767,10,10
9480,100,9.63131407700388,0.16880953067246174,10,10
9500,100,9.621611731252665,0.22257650693148032,10,10
9520,100,9.593089377725585,0.2597463260057029,10,10
9540,100,9.63948947831177,0.1941338048846936,10,10
9560,100,9.6618052755387,0.15771321386879356,10,10
9580,100,9.70388185278188,0.1255988459053674,10,10
9600,100,9.690043786608026,0.15636903174752895,10,10
9620,100,9.672776609599186,0.12462446452406425,10,10
9640,100,9.679077274298201,0.13179480012844577,10,10
9660,100,9.641494363012711,0.17668727182552207,10,10
9680,100,9.653363402896211,0.1605819631133453,10,10
9700,100,9.634045694742198,0.17666549254013916,10,10
9720,100,9.656008335225279,0.2034012385360823,10,10
9740,100,9.653370949756528,0.18758148527739094,10,10
9760,100,9.655019880511684,0.1589971033238009,10,10
9780,100,9.673831835392978,0.1577533434785453,10,10
9800,100,9.714633024762826,0.07566963660668419,10,10
9820,100,9.666770416130765,0.23217850835544204,10,10
9840,100,9.631930167256714,0.316636676252835,10,10
9860,100,9.676403204783716,0.1558824750416927,10,10
9880,100,9.641998860766586,0.17856714081821898,10,10
9900,100,9.671397362421423,0.17454161160180287,10,10
9920,100,9.634998720426523,0.2565244647155638,10,10
9940,100,9.615517245444426,0.39796472445236847,10,10
9960,100,9.679567173124303,0.10769034669754235,10,10
9980,100,9.578654970826552,0.5553819873657755,10,10
10000,100,9.556283473790991,0.44765550183983066,10,10
Score: 9.98782969796698
Runtime: 365ms
